 
  ----jGRASP exec: java projects.bigintproject.BigIntTester
 
    4
  + 8
   --
   12
 
   - 4
   + 8
   ---
     4
 
     4
 + - 8
   ---
   - 4
 
    - 4
  + - 8
   ----
   - 12
 
   7
 - 3
   -
   4
 
     3
   - 7
   ---
   - 4
 
     7
 - - 3
   ---
    10
 
     3
 - - 7
   ---
    10
 
   - 3
 - - 7
   ---
     4
 
   0
 - 0
   -
   0
 
   10,000,000,000
 - 10,000,000,000
   --------------
                0
 
   - 10,000,000,000
   + 10,000,000,001
   ----------------
                  1
 
   4,980,293,480,293,575,849,730,293,555,555,577,756,756,984,579,848,484,848
           + 859,403,958,209,343,498,759,487,358,273,450,982,374,595,874,578
   -------------------------------------------------------------------------
   4,980,294,339,697,534,059,073,792,315,042,936,030,207,966,954,444,359,426
 
   4,980,293,480,293,575,849,730,293,555,555,577,756,756,984,579,848,484,848
           + 859,403,958,209,343,498,759,487,358,273,450,982,374,595,874,578
   -------------------------------------------------------------------------
   4,980,294,339,697,534,059,073,792,315,042,936,030,207,966,954,444,359,426
 
   1,123
   - 123
   -----
   1,000
 
       112
   - 1,123
   -------
   - 1,011
 
     235
    * 12
   -----
   2,820
 
      100,001
        * 999
   ----------
   99,900,999
 
                                   1,006,543,456,347,878,976,001
                               * 999,345,634,563,457,879,875,345
   -------------------------------------------------------------
   1,005,884,809,099,667,281,743,167,885,397,049,484,126,595,345
 
 2000! = 331,627,509,245,063,324,117,539,338,057,632,403,828,111,720,810,578,039,457,193,543,706,038,077,905,600,822,400,273,230,859,732,592,255,402,352,941,225,834,109,258,084,817,415,293,796,131,386,633,526,343,688,905,634,058,556,163,940,605,117,252,571,870,647,856,393,544,045,405,243,957,467,037,674,108,722,970,434,684,158,343,752,431,580,877,533,645,127,487,995,436,859,247,408,032,408,946,561,507,233,250,652,797,655,757,179,671,536,718,689,359,056,112,815,871,601,717,232,657,156,110,004,214,012,420,433,842,573,712,700,175,883,547,796,899,921,283,528,996,665,853,405,579,854,903,657,366,350,133,386,550,401,172,012,152,635,488,038,268,152,152,246,920,995,206,031,564,418,565,480,675,946,497,051,552,288,205,234,899,995,726,450,814,065,536,678,969,532,101,467,622,671,332,026,831,552,205,194,494,461,618,239,275,204,026,529,722,631,502,574,752,048,296,064,750,927,394,165,856,283,531,779,574,482,876,314,596,450,373,991,327,334,177,263,608,852,490,093,506,621,610,144,459,709,412,707,821,313,732,563,831,572,302,019,949,914,958,316,470,942,774,473,870,327,985,549,674,298,608,839,376,326,824,152,478,834,387,469,595,829,257,740,574,539,837,501,585,815,468,136,294,217,949,972,399,813,599,481,016,556,563,876,034,227,312,912,250,384,709,872,909,626,622,461,971,076,605,931,550,201,895,135,583,165,357,871,492,290,916,779,049,702,247,094,611,937,607,785,165,110,684,432,255,905,648,736,266,530,377,384,650,390,788,049,524,600,712,549,402,614,566,072,254,136,302,754,913,671,583,406,097,831,074,945,282,217,490,781,347,709,693,241,556,111,339,828,051,358,600,690,594,619,965,257,310,741,177,081,519,922,564,516,778,571,458,056,602,185,654,760,952,377,463,016,679,422,488,444,485,798,349,801,548,032,620,829,890,965,857,381,751,888,619,376,692,828,279,888,453,584,639,896,594,213,952,984,465,291,092,009,103,710,046,149,449,915,828,588,050,761,867,924,946,385,180,879,874,512,891,408,019,340,074,625,920,057,098,729,578,599,643,650,655,895,612,410,231,018,690,556,060,308,783,629,110,505,601,245,908,998,383,410,799,367,902,052,076,858,669,183,477,906,558,544,700,148,692,656,924,631,933,337,612,428,097,420,067,172,846,361,939,249,698,628,468,719,993,450,393,889,367,270,487,127,172,734,561,700,354,867,477,509,102,955,523,953,547,941,107,421,913,301,356,819,541,091,941,462,766,417,542,161,587,625,262,858,089,801,222,443,890,248,677,182,054,959,415,751,991,701,271,767,571,787,495,861,619,665,931,878,855,141,835,782,092,601,482,071,777,331,735,396,034,304,969,082,070,589,958,701,381,980,813,035,590,160,762,908,388,574,561,288,217,698,136,182,483,576,739,218,303,118,414,719,133,986,892,842,344,000,779,246,691,209,766,731,651,433,494,437,473,235,636,572,048,844,478,331,854,941,693,030,124,531,676,232,745,367,879,322,847,473,824,485,092,283,139,952,509,732,505,979,127,031,047,683,601,481,191,102,229,253,372,697,693,823,670,057,565,612,400,290,576,043,852,852,902,937,606,479,533,458,179,666,123,839,605,262,549,107,186,663,869,354,766,108,455,046,198,102,084,050,635,827,676,526,589,492,393,249,519,685,954,171,672,419,329,530,683,673,495,544,004,586,359,838,161,043,059,449,826,627,530,605,423,580,755,894,108,278,880,427,825,951,089,880,635,410,567,917,950,974,017,780,688,782,869,810,219,010,900,148,352,061,688,883,720,250,310,665,922,068,601,483,649,830,532,782,088,263,536,558,043,605,686,781,284,169,217,133,047,141,176,312,175,895,777,122,637,584,753,123,517,230,990,549,829,210,134,687,304,205,898,014,418,063,875,382,664,169,897,704,237,759,406,280,877,253,702,265,426,530,580,862,379,301,422,675,821,187,143,502,918,637,636,340,300,173,251,818,262,076,039,747,369,595,202,642,632,364,145,446,851,113,427,202,150,458,383,851,010,136,941,313,034,856,221,916,631,623,892,632,765,815,355,011,276,307,825,059,969,158,824,533,457,435,437,863,683,173,730,673,296,589,355,199,694,458,236,873,508,830,278,657,700,879,749,889,992,343,555,566,240,682,834,763,784,685,183,844,973,648,873,952,475,103,224,222,110,561,201,295,829,657,191,368,108,693,825,475,764,118,886,879,346,725,191,246,192,151,144,738,836,269,591,643,672,490,071,653,428,228,152,661,247,800,463,922,544,945,170,363,723,627,940,757,784,542,091,048,305,461,656,190,622,174,286,981,602,973,324,046,520,201,992,813,854,882,681,951,007,282,869,701,070,737,500,927,666,487,502,174,775,372,742,351,508,748,246,720,274,170,031,581,122,805,896,178,122,160,747,437,947,510,950,620,938,556,674,581,252,518,376,682,157,712,807,861,499,255,876,132,352,950,422,346,387,878,954,850,885,764,466,136,290,394,127,665,978,044,202,092,281,337,987,115,900,896,264,878,942,413,210,454,925,003,566,670,632,909,441,579,372,986,743,421,470,507,213,588,932,019,580,723,064,781,498,429,522,595,589,012,754,823,971,773,325,722,910,325,760,929,790,733,299,545,056,388,362,640,474,650,245,080,809,469,116,072,632,087,494,143,973,000,704,111,418,595,530,278,827,357,654,819,182,002,449,697,761,111,346,318,195,282,761,590,964,189,790,958,117,338,627,206,088,910,432,945,244,978,535,147,014,112,442,143,055,486,089,639,578,378,347,325,323,595,763,291,438,925,288,393,986,256,273,242,862,775,563,140,463,830,389,168,421,633,113,445,636,309,571,965,978,466,338,551,492,316,196,335,675,355,138,403,425,804,162,919,837,822,266,909,521,770,153,175,338,730,284,610,841,886,554,138,329,171,951,332,117,895,728,541,662,084,823,682,817,932,512,931,237,521,541,926,970,269,703,299,477,643,823,386,483,008,871,530,373,405,666,383,868,294,088,487,730,721,762,268,849,023,084,934,661,194,260,180,272,613,802,108,005,078,215,741,006,054,848,201,347,859,578,102,770,707,780,655,512,772,540,501,674,332,396,066,253,216,415,004,808,772,403,047,611,929,032,210,154,385,353,138,685,538,486,425,570,790,795,341,176,519,571,188,683,739,880,683,895,792,743,749,683,498,142,923,292,196,309,777,090,143,936,843,655,333,359,307,820,181,312,993,455,024,206,044,563,340,578,606,962,471,961,505,603,394,899,523,321,800,434,359,967,256,623,927,196,435,402,872,055,475,012,079,854,331,970,674,797,313,126,813,523,653,744,085,662,263,206,768,837,585,132,782,896,252,333,284,341,812,977,624,697,079,543,436,003,492,343,159,239,674,763,638,912,115,285,406,657,783,646,213,911,247,447,051,255,226,342,701,239,527,018,127,045,491,648,045,932,248,108,858,674,600,952,306,793,175,967,755,581,011,679,940,005,249,806,303,763,141,344,412,269,037,034,987,355,799,916,009,259,248,075,052,485,541,568,266,281,760,815,446,308,305,406,677,412,630,124,441,864,204,108,373,119,093,130,001,154,470,560,277,773,724,378,067,188,899,770,851,056,727,276,781,247,198,832,857,695,844,217,588,895,160,467,868,204,810,010,047,816,462,358,220,838,532,488,134,270,834,079,868,486,632,162,720,208,823,308,727,819,085,378,845,469,131,556,021,728,873,121,907,393,965,209,260,229,101,477,527,080,930,865,364,979,858,554,010,577,450,279,289,814,603,688,431,821,508,637,246,216,967,872,282,169,347,370,599,286,277,112,447,690,920,902,988,320,166,830,170,273,420,259,765,671,709,863,311,216,349,502,171,264,426,827,119,650,264,054,228,231,759,630,874,475,301,847,194,095,524,263,411,498,469,508,073,390,080,000,000,000,000,000,000,000,000,000,000,000,000,000,000,000,000,000,000,000,000,000,000,000,000,000,000,000,000,000,000,000,000,000,000,000,000,000,000,000,000,000,000,000,000,000,000,000,000,000,000,000,000,000,000,000,000,000,000,000,000,000,000,000,000,000,000,000,000,000,000,000,000,000,000,000,000,000,000,000,000,000,000,000,000,000,000,000,000,000,000,000,000,000,000,000,000,000,000,000,000,000,000,000,000,000,000,000,000,000,000,000,000,000,000,000,000,000,000,000,000,000,000,000,000,000,000,000,000,000,000,000,000,000,000,000,000,000,000,000,000,000,000,000,000,000,000,000,000,000,000,000,000,000,000,000,000,000,000,000,000,000,000,000,000,000,000
 
  ----jGRASP: operation complete.
 